(*** hide ***)

(*** condition: prepare ***)
#r "nuget: Deedle"
#r "nuget: FsHttp"
#r "nuget: Newtonsoft.JSON, 13.0.1"
#r "nuget: DynamicObj, 2.0.0"
#r "nuget: Giraffe.ViewEngine.StrongName, 2.0.0-alpha1"
#r "../src/Plotly.NET/bin/Release/netstandard2.0/Plotly.NET.dll"

Plotly.NET.Defaults.DefaultDisplayOptions <-
    Plotly.NET.DisplayOptions.init (PlotlyJSReference = Plotly.NET.PlotlyJSReference.NoReference)

open Plotly.NET

let data = [
    [0; 0; 0; 0; 0; 0; 0; 0; 0; 0; 0; 0; 0; 0; 0; 0; 0; 0; 0; 0; 0; 0; 0; 0; 0;]
    [0; 0; 0; 0; 4; 0; 4; 4; 4; 4; 0; 0; 0; 0; 4; 0; 0; 0; 0; 0; 0; 0; 0; 0; 0;]
    [0; 0; 0; 4; 4; 0; 4; 0; 0; 4; 0; 0; 0; 4; 4; 0; 0; 0; 0; 0; 0; 0; 0; 0; 0;]
    [0; 0; 4; 0; 4; 0; 4; 0; 0; 4; 0; 0; 4; 0; 4; 0; 0; 0; 0; 0; 0; 0; 0; 0; 0;]
    [0; 4; 4; 4; 4; 0; 4; 0; 0; 4; 0; 4; 4; 4; 4; 0; 0; 0; 0; 0; 0; 0; 0; 0; 0;]
    [0; 0; 0; 0; 4; 0; 4; 0; 0; 4; 0; 0; 0; 0; 4; 0; 0; 0; 0; 0; 0; 0; 0; 0; 0;]
    [0; 0; 0; 0; 4; 0; 4; 4; 4; 4; 0; 0; 0; 0; 4; 0; 0; 0; 0; 0; 0; 0; 0; 0; 0;]
    [0; 0; 0; 0; 0; 0; 0; 0; 0; 0; 0; 0; 0; 0; 0; 0; 0; 0; 0; 0; 0; 0; 0; 0; 0;]
    [0; 0; 0; 0; 0; 0; 0; 0; 0; 0; 0; 0; 0; 0; 0; 0; 0; 0; 0; 0; 0; 0; 0; 0; 0;]
    [0; 4; 4; 4; 4; 0; 4; 4; 4; 4; 0; 4; 4; 4; 4; 0; 4; 4; 4; 0; 0; 0; 0; 0; 0;]
    [0; 4; 0; 0; 4; 0; 4; 0; 0; 4; 0; 4; 0; 0; 0; 0; 4; 0; 0; 0; 0; 0; 0; 0; 0;]
    [0; 4; 0; 0; 4; 0; 4; 0; 0; 4; 0; 4; 0; 0; 0; 0; 4; 0; 0; 0; 0; 0; 0; 0; 0;]
    [0; 4; 4; 4; 4; 0; 4; 4; 4; 4; 0; 4; 0; 4; 4; 0; 4; 4; 4; 0; 0; 0; 0; 0; 0;]
    [0; 4; 0; 0; 0; 0; 4; 0; 0; 4; 0; 4; 0; 0; 4; 0; 4; 0; 0; 0; 0; 0; 0; 0; 0;]
    [0; 4; 0; 0; 0; 0; 4; 0; 0; 4; 0; 4; 4; 4; 4; 0; 4; 4; 4; 0; 0; 0; 0; 0; 0;]
    [0; 0; 0; 0; 0; 0; 0; 0; 0; 0; 0; 0; 0; 0; 0; 0; 0; 0; 0; 0; 0; 0; 0; 0; 0;]
    [0; 0; 0; 0; 0; 0; 0; 0; 0; 0; 0; 0; 0; 0; 0; 0; 0; 0; 0; 0; 0; 0; 0; 0; 0;]
    [0; 4; 0; 0; 4; 0; 4; 4; 4; 4; 0; 4; 4; 4; 4; 0; 0; 0; 0; 0; 0; 0; 0; 0; 0;]
    [0; 4; 4; 0; 4; 0; 4; 0; 0; 4; 0; 0; 4; 0; 0; 0; 0; 0; 0; 0; 0; 0; 0; 0; 0;]
    [0; 4; 4; 0; 4; 0; 4; 0; 0; 4; 0; 0; 4; 0; 0; 0; 0; 0; 0; 0; 0; 0; 0; 0; 0;]
    [0; 4; 0; 4; 4; 0; 4; 0; 0; 4; 0; 0; 4; 0; 0; 0; 0; 0; 0; 0; 0; 0; 0; 0; 0;]
    [0; 4; 0; 4; 4; 0; 4; 0; 0; 4; 0; 0; 4; 0; 0; 0; 0; 0; 0; 0; 0; 0; 0; 0; 0;]
    [0; 4; 0; 0; 4; 0; 4; 4; 4; 4; 0; 0; 4; 0; 0; 0; 0; 0; 0; 0; 0; 0; 0; 0; 0;]
    [0; 0; 0; 0; 0; 0; 0; 0; 0; 0; 0; 0; 0; 0; 0; 0; 0; 0; 0; 0; 0; 0; 0; 0; 0;]
    [0; 0; 0; 0; 0; 0; 0; 0; 0; 0; 0; 0; 0; 0; 0; 0; 0; 0; 0; 0; 0; 0; 0; 0; 0;]
    [0; 4; 4; 4; 4; 0; 4; 4; 4; 4; 0; 4; 0; 0; 4; 0; 4; 0; 0; 4; 0; 4; 4; 0; 0;]
    [0; 4; 0; 0; 0; 0; 4; 0; 0; 4; 0; 4; 0; 0; 4; 0; 4; 4; 0; 4; 0; 4; 0; 4; 0;]
    [0; 4; 0; 0; 0; 0; 4; 0; 0; 4; 0; 4; 0; 0; 4; 0; 4; 4; 0; 4; 0; 4; 0; 4; 0;]
    [0; 4; 4; 4; 4; 0; 4; 0; 0; 4; 0; 4; 0; 0; 4; 0; 4; 0; 4; 4; 0; 4; 0; 4; 0;]
    [0; 4; 0; 0; 0; 0; 4; 0; 0; 4; 0; 4; 0; 0; 4; 0; 4; 0; 4; 4; 0; 4; 0; 4; 0;]
    [0; 4; 0; 0; 0; 0; 4; 4; 4; 4; 0; 4; 4; 4; 4; 0; 4; 0; 0; 4; 0; 4; 4; 0; 0;]
    [0; 0; 0; 0; 0; 0; 0; 0; 0; 0; 0; 0; 0; 0; 0; 0; 0; 0; 0; 0; 0; 0; 0; 0; 0;]
]

let histChart = 
    Chart.Heatmap(
        zData = data,
        ZSmooth = StyleParam.SmoothAlg.Best,
        ReverseYAxis = true,
        ShowScale = false
    )
    |> Chart.withSize(1000,1000)

(*** condition: ipynb ***)
#if IPYNB
#r "nuget: Plotly.NET, {{fsdocs-package-version}}"
#r "nuget: Plotly.NET.Interactive, {{fsdocs-package-version}}"
#endif // IPYNB

(**
# Page not found =(

[click here](/) to return to the main documentation page.

*)

(***hide***)
histChart |> GenericChart.toChartHTML
(***include-it-raw***)